time,x,y,z,phi,theta,psi,x_velocity,y_velocity,z_velocity,phi_velocity,theta_velocity,psi_velocity,rotor_speed1,rotor_speed2,rotor_speed3,rotor_speed4
0.06,9.24295265449e-08,6.61355950593e-07,10.0034356639,0.000522230494346,6.28294692168,0.0,1.39328661863e-05,5.34665215498e-05,0.114516753553,0.0220574733323,-0.0134207004632,0.0,442.77448381059685,441.66926463202566,439.8280920225749,441.6507146776381
0.12000000000000001,7.77622068094e-06,1.73485182703e-05,10.0102051188,0.00185753801591,6.28181029849,0.0,0.000323524637703,0.000618030207733,0.111131962802,0.0226474842975,-0.0332727239093,0.0,403.59785726678206,401.80238609408076,402.8386431144889,402.89206134162634
0.18,6.34781593222e-05,9.97076102368e-05,10.0199662482,0.00421724456622,6.27964996546,0.0,0.00174548284639,0.00233010083292,0.214223622254,0.060649852935,-0.0421224905803,0.0,439.2632949163548,438.52830996160367,435.3203327253026,438.48888726105463
0.23999999999999996,0.000264281432019,0.000357292984264,10.0391553452,0.0081881664216,6.27710097372,0.0,0.00524842617969,0.00670872848811,0.425353798138,0.0754228864928,-0.043214334923,0.0,471.5076206829812,471.4224025096429,469.80232504078816,470.9491204401807
0.3,0.000730896268392,0.000968439429726,10.070142839,0.0124947411555,6.27460529154,0.0,0.0105951575225,0.0141676521342,0.607476117003,0.0632531736818,-0.0385384970644,0.0,461.8927012375673,462.26039385586284,463.31308156921295,462.359140501135
0.36000000000000004,0.00154992235326,0.00208784300287,10.1093434044,0.0159316227245,6.27276295949,0.0,0.0169111888552,0.0235135001975,0.699150204044,0.0413433599349,-0.0184163652304,0.0,434.13598802450286,435.8204236872929,435.29395953244983,433.459115804709
0.4200000000000001,0.00282452843149,0.00389927889793,10.1580809989,0.0181500906284,6.27140067075,0.0,0.0257207269888,0.0371508566205,0.925273959127,0.0263707954088,-0.0330700445138,0.0,476.51760541556575,475.3962341206552,476.2424400255143,475.0965238350644
0.48000000000000015,0.00461289670321,0.00650072075532,10.2161334671,0.0196087353019,6.26971797638,0.0,0.034071949364,0.0497143688315,1.00973169248,0.0198352428823,-0.0195250098141,0.0,432.5560902245469,433.6948496632525,432.90349080982645,432.3533712937008
0.5400000000000001,0.0069355806246,0.00988672183366,10.2793912688,0.0207472012334,6.26836360305,0.0,0.0434756271877,0.0632674589039,1.09877542593,0.0171948513663,-0.0294964828639,0.0,435.3110713770662,434.47589808678714,434.25106533060887,434.02950917902865
0.6000000000000002,0.0098648152394,0.0141262238759,10.3488252258,0.0220543660115,6.26660310114,0.0,0.0543481295488,0.0781700937917,1.21556647218,0.02967066883,-0.0290339647544,0.0,443.8085533624806,443.84625010474133,442.64625710438355,443.67164325268254
0.6600000000000003,0.013475446288,0.0192797745725,10.4247987135,0.0233952102244,6.26507290739,0.0,0.0661706232877,0.0937786975991,1.31676424638,0.000716214957467,-0.0192417267802,0.0,438.4846942855404,439.297195321737,440.0208700983687,437.61763413603484
0.7200000000000003,0.0178542895165,0.0254296478407,10.5084907714,0.0229325247419,6.26458305678,0.0,0.079871130987,0.111201149634,1.47278065385,-0.0354915358378,0.00786697046685,0.0,455.6520394294235,457.8139471532722,456.9955739833571,454.1006256636545
0.7800000000000004,0.0230951679878,0.0326484326437,10.6034599072,0.0208973270814,6.26549469691,0.0,0.0947325654473,0.129168647729,1.69256433855,-0.0309493626924,0.026845998056,0.0,474.88984956249783,476.34319212943365,475.365141445781,475.71265366251424
0.8400000000000004,0.0292108930034,0.0409089979533,10.7121810074,0.0194101463117,6.26705170723,0.0,0.108923971569,0.145973233038,1.93110724879,-0.0146701566357,0.0240957310706,0.0,482.0363800736397,481.82859289289127,480.74064135874744,481.97239208303813
0.9000000000000005,0.0360717023452,0.0500618785445,10.8309020686,0.0186671499056,6.2682608972,0.0,0.119630749566,0.159037264582,2.02610094633,-0.00816250514923,0.0107943981914,0.0,439.4725736064271,438.3687210196964,438.86324892428524,439.4031527632877
0.9600000000000005,0.0435292659247,0.0599549646775,10.9537195792,0.0183547545653,6.26883966382,0.0,0.128895865037,0.170693397629,2.06774255974,0.000132129514065,0.0072445119433,0.0,422.3872112031221,422.08085456723234,421.6788326447513,422.3948107889361
1.0200000000000005,0.0515979079035,0.070627570058,11.0836374637,0.0184708074619,6.26943287272,0.0,0.139993100897,0.185060281938,2.26248855218,0.00531482602067,0.0147073524906,0.0,469.32497504811477,469.9036913361888,470.34458433724177,470.74573730474066
1.0800000000000005,0.0602417163775,0.08206421915,11.2197491059,0.0186581981494,6.26981883514,0.0,0.148067513778,0.196183199078,2.2745421446,-0.00166657049764,-0.0203720338769,0.0,413.8616592414029,410.7625547862129,414.53023924562245,413.91625785827466
1.1400000000000006,0.0694319335744,0.0942557209164,11.3611441856,0.0189866959203,6.26883441826,0.0,0.158390080858,0.210209136543,2.43828902342,0.0168893384063,-0.0094679883388,0.0,460.6274060307049,461.48895167301976,461.46432958437924,462.92664777928593
1.2000000000000006,0.0792775334499,0.107322705933,11.5135425427,0.0199075453232,6.26877580158,0.0,0.169821911637,0.225461412448,2.64120544855,0.0120704004781,0.0121217317368,0.0,472.49697963640773,474.1584736569412,474.8469194472472,474.47699864490255
1.2600000000000007,0.0897751919,0.121283121833,11.6760073189,0.0202469911956,6.26958459918,0.0,0.180012788046,0.239940769931,2.7739729824,-0.0119958293934,0.0160666619316,0.0,453.2182415091864,453.53507523761607,455.2977831446024,453.3682275320691
1.3200000000000007,0.100859943831,0.13610635869,11.8460627777,0.0197390754331,6.27115449888,0.0,0.18933576999,0.254096557788,2.89424808705,-0.00220316125065,0.0411263551376,0.0,449.52282841730494,451.54906977511564,450.3946862702248,451.1861065730031
1.3800000000000008,0.112503443308,0.151836054425,12.0266471003,0.0200991715232,6.27386786769,0.0,0.198457590383,0.27023218073,3.12463144383,0.0187524065216,0.0523615585924,0.0,483.22084583143686,484.0680317592366,483.8119343167241,485.38706606771524
1.4400000000000008,0.124615797624,0.168527028017,12.2200471839,0.0210349995132,6.27666417495,0.0,0.204932138944,0.286242623607,3.32148707407,0.00839244749119,0.0314537062878,0.0,476.3765418141477,474.77617464170885,475.9857439600998,475.1921278104882
1.5000000000000009,0.137033543932,0.186124948626,12.4217935685,0.0217750562005,6.27927990719,0.0,0.208759784245,0.300411476205,3.40315246884,0.0192376786076,0.0607308875733,0.0,439.52752566188707,441.94833597467806,442.168322963708,443.06079234110797
1.560000000000001,0.149635638358,0.204678277031,12.6324550734,0.0225065624024,6.28275890689,0.0,0.210882164153,0.3181371819,3.61824069932,-0.00815167694771,0.0518305443675,0.0,483.7336070876519,483.06492075118194,482.6010136195575,480.52909125127275
1.620000000000001,0.162284047203,0.224177100267,12.8503111698,0.021935304746,0.00261105171511,0.0,0.210450846037,0.331772287803,3.64355113341,-0.0124107046764,0.0480961980427,0.0,425.551724802251,425.23367814890923,425.75405761086114,425.38960198049136
1.680000000000001,0.174842713107,0.244527811315,13.0717511508,0.0215579493085,0.0067267606513,0.0,0.207800477808,0.346522140528,3.73748071925,0.00377171646152,0.0928718879851,0.0,446.42056123575776,450.06249126705575,446.30394259951197,447.6229407076535
1.740000000000001,0.187122459686,0.265834421145,13.3023297036,0.0217665242997,0.0121422507005,0.0,0.200877742764,0.363707408255,3.94776561879,0.00287862930346,0.084442572403,0.0,483.06248247984036,482.43248740619185,483.59024245451667,483.52289350453066
1.8000000000000012,0.198881423839,0.288138449821,13.5437656402,0.022086643947,0.0174969295659,0.0,0.190520500959,0.379774627124,4.09956116602,0.00984458634502,0.097435894137,0.0,467.6478550491373,468.6650515923968,466.3174165157575,466.86119498295875
1.8600000000000012,0.209926334844,0.311379533423,13.7927175493,0.0223814532711,0.0230119263361,0.0,0.177066669295,0.394966346612,4.19846829467,-0.00743858698096,0.0776129136487,0.0,453.43931918064175,451.85071781063124,452.8655395803734,451.47304141936075
1.9200000000000013,0.220081253074,0.335508965212,14.0464823532,0.0218775895056,0.0273794129289,0.0,0.160998520738,0.409295265929,4.26012359351,-0.0103885697287,0.0607986622366,0.0,442.708341287192,441.32660228052464,441.1508199171354,440.90726210261516
1.9800000000000013,0.229186638834,0.360490039502,14.304075238,0.0209631033682,0.0310776996405,0.0,0.142165149197,0.423327400138,4.32605179251,-0.0273416746626,0.0632655482662,0.0,442.4536259903613,442.6594328188429,444.8833628576458,443.4930211708167
2.0400000000000014,0.237085862312,0.386292956504,14.5657200539,0.0192981651291,0.0346940799122,0.0,0.120789033554,0.436600633624,4.39517304329,-0.0285761355892,0.0534953149032,0.0,443.9455931112884,443.1456799868549,446.3316135842146,446.2306521339222
2.1000000000000014,0.243716851665,0.412814076294,14.829145143,0.0180003125805,0.0377390533585,0.0,0.0999744285044,0.447307836717,4.38569408262,-0.0104727868561,0.0446009284186,0.0,420.44959408704375,419.67999457095544,419.2778317941574,420.8478014179623
2.1600000000000015,0.248955264992,0.440001041409,15.0943984945,0.0177882371689,0.0410894602215,0.0,0.0743505854224,0.45887912959,4.45580216387,0.00761579507802,0.0720381120276,0.0,444.783375702336,447.02695139543,444.8243718801849,446.3033979021593
2.2200000000000015,0.252647037798,0.467854728569,15.3623769756,0.0180964460685,0.0451266591512,0.0,0.0483331064809,0.469609041617,4.47671410384,-0.000350207926635,0.0555138097445,0.0,431.03903355916816,429.6436302724535,431.25538750763195,430.5818389829486
2.2800000000000016,0.254638096733,0.496383706678,15.6331128533,0.0185193313541,0.048785631826,0.0,0.0177064664259,0.481372622238,4.54751707277,0.0187917428374,0.0701351512232,0.0,445.75807133650943,446.9540186234579,446.3994563047312,447.9588330788663
2.3400000000000016,0.254603667749,0.525672392422,15.9103478742,0.0194782412387,0.0536608482641,0.0,-0.019324357098,0.49501854936,4.69303268044,0.00966868396151,0.0973207022742,0.0,469.2638753997703,471.3743339138812,470.47201548658154,469.76494842974756
2.4000000000000017,0.252249018545,0.555794783531,16.1960329936,0.0210985719138,0.0598184647514,0.0,-0.0597778368279,0.509180094162,4.82919560283,0.0488701346201,0.111545503407,0.0,468.2049870397374,469.31894656478966,467.0790538292991,470.126821761972
2.4600000000000017,0.247334013264,0.586808283331,16.4898164209,0.0236922039974,0.0664691856548,0.0,-0.104733478547,0.524889037403,4.96295342742,0.0284806981747,0.109408242338,0.0,469.4891360601068,469.3334192929845,469.80222948018746,468.21934168189983
2.520000000000002,0.239662205923,0.618785499664,16.7903651258,0.0254689232265,0.0734645177,0.0,-0.151651163015,0.541181957435,5.05487241767,0.0317833027844,0.128044305306,0.0,456.84516887083123,458.34044552670065,457.93751000026555,458.20041450816456
2.580000000000002,0.22914112318,0.651738898512,17.0949202768,0.0279838057512,0.0811762666697,0.0,-0.199755118563,0.557468842291,5.09670600921,0.0569112975979,0.129480637884,0.0,442.2987180760484,442.43219525195553,442.9999320910941,445.06252569444666
2.640000000000002,0.215608072228,0.685714402027,17.4017119382,0.0308312331122,0.0898596437826,0.0,-0.252099263967,0.575345706504,5.12944358946,0.0109653373549,0.164790327172,0.0,439.46721811038594,442.40352313869,442.7115945292925,438.9153731924617
2.700000000000002,0.19866905447,0.720837595417,17.7115111729,0.0312335130495,0.0996175647919,0.0,-0.31345966012,0.595465306689,5.19678440011,-0.00358017240997,0.157929311382,0.0,452.58978412253396,452.0618148499065,452.85545360110285,451.68367043019373
2.760000000000002,0.177895328253,0.757160062962,18.0249642051,0.0308354933234,0.108904543082,0.0,-0.379864089014,0.615240415096,5.25128695866,-0.0135730028459,0.147612072982,0.0,449.20977868452906,448.3945596010631,449.91059564208933,449.10078185178304
2.820000000000002,0.15295074772,0.794660522391,18.3417548719,0.0298219011007,0.117881239149,0.0,-0.452441119419,0.634672526527,5.30801872525,-0.0245344567803,0.153333174842,0.0,450.9080029518277,451.39065443264974,450.53008336088857,449.64287673314226
2.880000000000002,0.12344839819,0.833310468266,18.6621639693,0.0279365666828,0.127355573542,0.0,-0.531832973603,0.653484484399,5.37184786193,-0.0510557133014,0.165753906011,0.0,453.00820759738076,454.02896897429116,454.8426212134154,452.7128371777011
2.940000000000002,0.0891677745375,0.873008090432,18.9850417359,0.0250322285391,0.138127417957,0.0,-0.611777236808,0.669488358188,5.3905044449,-0.0435736795754,0.198251506979,0.0,438.7736028922857,441.494135317646,440.1581456842176,440.7755425675409
3.000000000000002,0.0499116271312,0.913608598364,19.3088502739,0.022606624414,0.150306832406,0.0,-0.697818608592,0.683625895425,5.40286249626,-0.0347789795317,0.211081342608,0.0,438.2141647543451,439.32031401254017,438.53211068152865,439.2612763826254
3.0600000000000023,0.00534345232089,0.955002813066,19.6328998688,0.0202804113318,0.162971853895,0.0,-0.788877475074,0.695981475766,5.39858923835,-0.0482662712725,0.211088380405,0.0,434.9109065453309,434.95646777983745,433.6439055061096,432.50843192430557
3.1200000000000023,-0.0448853711487,0.997090095532,19.9565085444,0.017090683613,0.176034019748,0.0,-0.886517308236,0.706658953784,5.38816991348,-0.0653940902711,0.228409942812,0.0,431.56258382413193,433.0703081784627,433.3147033834036,431.87014028898477
3.1800000000000024,-0.10182652915,1.03981429618,20.282914976,0.0134004470931,0.189446610807,0.0,-1.01280753003,0.717071385074,5.49122161706,-0.0546829533156,0.211427774293,0.0,469.11045044019244,467.8361822076206,468.6898387655739,469.51917470950383
3.2400000000000024,-0.165462734948,1.08301044261,20.6094969576,0.0100782573816,0.202171632251,0.0,-1.10939918304,0.722555182273,5.39503945935,-0.0567796469918,0.21336202025,0.0,405.42582989959607,405.64867783089335,405.5453181096301,405.35451649928945
3.3000000000000025,-0.235909019501,1.12652211593,20.9342503187,0.00651018598879,0.215834604842,0.0,-1.23998266524,0.727501351329,5.42953952261,-0.0654712787734,0.246969566533,0.0,448.06735191339243,450.841105224297,448.72347411049594,448.0147415753182
3.3600000000000025,-0.314578965519,1.17026403301,21.2615874856,0.00289454101135,0.231373524625,0.0,-1.3837097434,0.730196186737,5.48099251249,-0.0514760723925,0.275960477034,0.0,454.9603095471643,457.34024284943024,454.3024302203481,455.4208508448853
3.4200000000000026,-0.401825564694,1.2140960194,21.5904739644,6.28298997152,0.247788587263,0.0,-1.52591218491,0.730594434089,5.48138178326,-0.0515417088874,0.268363054914,0.0,441.86246346787476,441.3117233893476,439.76513255177616,439.757962667331
3.4800000000000026,-0.497500447423,1.25789753618,21.9177791263,6.27999407672,0.264002649676,0.0,-1.66455659029,0.729210402936,5.42853458239,-0.0468925436856,0.273728785144,0.0,423.73685935180464,424.27547263870724,423.83341624737,424.23118448549127
3.5400000000000027,-0.602537975484,1.30155732693,22.2447026067,6.27701921249,0.280598392545,0.0,-1.83812219745,0.725846846898,5.46807437872,-0.0555858916113,0.281777057077,0.0,454.8414942548787,455.5609748850692,455.577778538813,454.880533142821
3.6000000000000028,-0.717103577728,1.34498520769,22.5697901257,6.27378461144,0.297456232892,0.0,-1.98203584945,0.721508336971,5.36806779928,-0.0507540848417,0.279290383466,0.0,409.60299885469226,409.46909984136704,410.30880902838635,410.73544785072977
3.660000000000003,-0.841138739657,1.38808770748,22.8906959545,6.27121937186,0.314098106946,0.0,-2.15381267407,0.715019162586,5.32828018861,-0.0302584846146,0.273214999319,0.0,432.0912373659391,431.65894460152776,430.0095000674012,431.74138124428436
3.720000000000003,-0.975958581532,1.43075508492,23.2097450676,6.26952356369,0.330528748318,0.0,-2.3415048818,0.707087695742,5.30601801405,-0.0245459866064,0.275070471508,0.0,438.33959736848414,438.5706966360063,438.3955044224434,438.86976598705434
3.780000000000003,-1.1210619458,1.47297064185,23.5237256587,6.26785611757,0.346753416826,0.0,-2.49649954694,0.699995586758,5.15999259526,-0.0352304888132,0.258952500737,0.0,396.28872716209275,394.887487507214,397.21330275506926,396.23170795600333
3.840000000000003,-1.2777300183,1.51464988257,23.8344833826,6.26557103193,0.362396179566,0.0,-2.72702974285,0.689126732716,5.19747187426,-0.0445092460573,0.264012267535,0.0,459.7367385983805,460.203371274158,460.8871595054797,460.1524253792094
3.900000000000003,-1.44812313099,1.55565325287,24.146312413,6.26268814681,0.377948476279,0.0,-2.95397573888,0.6774289282,5.1958526259,-0.0562771457844,0.247282622336,0.0,450.6963569147032,449.40829287308236,450.20380165693973,449.2490298347754
3.960000000000003,-1.63217817516,1.59591597721,24.4573530013,6.25919126601,0.392453466272,0.0,-3.18232274193,0.664392338871,5.17129281001,-0.0626235859963,0.227425591732,0.0,444.9682912344308,443.3974436043949,444.79123604898246,444.2687032611682
4.020000000000002,-1.82976795569,1.63536327635,24.7658148767,6.25568203268,0.406171580078,0.0,-3.40504395589,0.65025057418,5.11008759987,-0.05128847094,0.230946620057,0.0,433.33262032154056,433.68193271668986,433.40023219734053,434.34957666569943
4.080000000000001,-2.04027182188,1.67395486259,25.0689384167,6.25235645705,0.420396694902,0.0,-3.61282023907,0.635925177195,4.99360734298,-0.0653444104844,0.247152172644,0.0,415.17653862356866,416.65611736877565,415.6632948548609,414.4269906305391
4.14,-2.2662410951,1.71144603157,25.371148633,6.24857351005,0.435335061835,0.0,-3.92056053326,0.613454103363,5.07826522236,-0.0588157435202,0.252378946974,0.0,484.68211909762675,485.1312518681466,485.60343482305063,486.0904885870112
4.199999999999998,-2.50865424734,1.7476949881,25.6732964851,6.24493940076,0.451342611912,0.0,-4.16102110938,0.594608568105,4.99249403052,-0.0643252851709,0.286095413381,0.0,431.21422417435303,434.1256899703874,431.2987989351903,430.8303707357026
4.259999999999997,-2.7649350305,1.78282900449,25.9684848242,6.2418781403,0.468799691051,0.0,-4.38291448252,0.57632902167,4.8465264842,-0.0327362523892,0.299208326529,0.0,411.47041339290814,412.72278673358744,410.06683439395675,412.8618644779793
4.319999999999996,-3.03493862186,1.81682263287,26.2550931454,6.23976270185,0.486878028606,0.0,-4.61846757096,0.556693194936,4.70632669818,-0.0408462957357,0.305191529345,0.0,415.3812994628216,416.005027318104,415.93186073390996,415.220158109213
4.379999999999995,-3.31877395557,1.8496620917,26.5320873446,6.23722887935,0.505048535476,0.0,-4.84397571618,0.53783530766,4.52621865073,-0.0451522073358,0.297685917839,0.0,402.7527155435746,402.1770450186286,402.0658158914279,401.6742316585589
4.439999999999993,-3.61998105672,1.8810461657,26.8045826957,6.23408440358,0.523022219107,0.0,-5.19739254143,0.508144672789,4.5547939311,-0.0737065486922,0.303062239641,0.0,479.4758412548824,479.9682474362391,481.25772133927904,479.0892982878527
4.499999999999992,-3.94152881518,1.91070126796,27.076472818,6.22913038564,0.541537983046,0.0,-5.52201006397,0.480086792146,4.50641539111,-0.113398659039,0.317822132448,0.0,457.6969250213891,458.96391684847356,460.0540844104946,456.8936122736695
4.559999999999991,-4.28419626119,1.93847708063,27.3474117062,6.22237789856,0.560522011638,0.0,-5.90131190505,0.445305986335,4.52238747949,-0.110881362038,0.313402410567,0.0,484.9739198160566,484.7349589354735,485.55944309288344,485.73822313380754
4.6199999999999894,-4.64634360912,1.9644170639,27.613295763,6.21610727797,0.57951034852,0.0,-6.17145232712,0.419043122736,4.33932234605,-0.0941192203069,0.321982843605,0.0,417.2850598003372,418.14281931630467,417.4563907928839,418.90646010255915
4.679999999999988,-5.02402559653,1.98881709569,27.866586182,6.21069817128,0.598819553789,0.0,-6.41917031862,0.39406396014,4.10286574314,-0.0832132975451,0.321493490059,0.0,399.12176791676035,399.1959893733626,398.430315920871,399.4185940510082
4.739999999999987,-5.41940186737,2.01140005186,28.1092659215,6.20542828387,0.617842930397,0.0,-6.76104693571,0.358493152529,3.98452768287,-0.0991865687112,0.306281063019,0.0,449.7565450987958,448.6237836840057,449.7948775381422,448.4926048144123
4.799999999999986,-5.83673524862,2.0316662258,28.3461899462,6.19939824366,0.636773934736,0.0,-7.15088794276,0.316789026934,3.91048325518,-0.103265333331,0.329466512396,0.0,469.55529267162063,471.44561514151934,471.39851824746046,471.07504885275426
4.859999999999984,-6.27681393853,2.04947220795,28.5770783244,6.19285932978,0.65668703653,0.0,-7.51927380639,0.276510975661,3.78351028121,-0.123977820533,0.336317794306,0.0,456.2881448690179,456.94454774704343,458.6936315069718,457.0349487372171
4.919999999999983,-6.7387106853,2.06486531114,28.7992917792,6.18573019044,0.676684530337,0.0,-7.87813517995,0.236340513196,3.62140611744,-0.110112393947,0.32644594157,0.0,449.79374324872555,449.10585278016583,449.14217172525883,450.253001047678
4.979999999999982,-7.22340211307,2.0776696348,29.0126817465,6.17923674933,0.695938084121,0.0,-8.2788737012,0.190295604558,3.48895116339,-0.104694981474,0.306510674427,0.0,467.41773987767175,465.9605686260994,467.74598257563844,468.15813843116626
5.0399999999999805,-7.73192748524,2.08772055995,29.2172031405,6.17282658538,0.714657299781,0.0,-8.67252063223,0.144607659514,3.32591118606,-0.111500270133,0.321131777959,0.0,461.2928756845109,462.54127355010417,462.7719976648441,462.2262879224653
